202105131000000038523378
202105131000000038522594
202105131000000038522586
202105131000000038522121
202105121000000038520435
202105131000000038518586
202105131000000038516572
202105131000000038506423
202105131000000038505979
202105131000000038503661
202105121000000038500936
202105121000000038499536
202105127000000038488489
202105121000000038497986
202105121000000038498338
202105121000000038497296
202105121000000038498081
202105121000000038496812
202105121000000038493873
202105121000000038493840
202105121000000038493747
202105121000000038375754